84.0
51.666666666666664
57.666666666666664
55.666666666666664
77.33333333333333
66.66666666666667
75.33333333333333
79.0
81.0
37.0
38.666666666666664
63.333333333333336
80.33333333333333
72.66666666666667
67.0
67.33333333333333
73.66666666666667
67.0
73.33333333333333
62.666666666666664
62.0
76.33333333333333
85.33333333333333
70.66666666666667
47.666666666666664
74.66666666666667
75.33333333333333
67.66666666666667
55.0
43.0
71.33333333333333
55.333333333333336
44.666666666666664
56.0
53.333333333333336
35.333333333333336
77.0
40.333333333333336
43.333333333333336
50.333333333333336
72.33333333333333
69.33333333333333
63.0
36.333333333333336
45.666666666666664
69.0
51.333333333333336
66.33333333333333
58.666666666666664
65.66666666666667
59.666666666666664
50.666666666666664
43.666666666666664
71.33333333333333
72.0
82.33333333333333
39.666666666666664
50.666666666666664
63.333333333333336
67.66666666666667
47.0
67.33333333333333
68.33333333333333
68.0
57.333333333333336
51.333333333333336
74.66666666666667
57.0
56.333333333333336
42.333333333333336
67.0
73.33333333333333
80.33333333333333
48.333333333333336
65.0
63.0
56.0
67.33333333333333
78.33333333333333
57.666666666666664
43.333333333333336
72.66666666666667
69.33333333333333
57.333333333333336
44.333333333333336
54.0
49.333333333333336
62.666666666666664
72.0
55.666666666666664
63.333333333333336
41.333333333333336
70.33333333333333
66.66666666666667
42.666666666666664
57.333333333333336
63.333333333333336
55.333333333333336
56.0
76.33333333333333
54.666666666666664
68.33333333333333
50.666666666666664
79.33333333333333
53.666666666666664
61.333333333333336
59.333333333333336
61.0
77.33333333333333
54.0
71.0
58.333333333333336
68.66666666666667
63.0
64.0
47.333333333333336
65.33333333333333
63.0
60.17796610169491 60.66949152542373 63.58474576271186